064 J0003-2603 3.3900 21.40 0.10
093 J0006-6208 3.2030 20.90 0.15
093 J0006-6208 3.7750 21.00 0.20
082 J0034+1639 3.7550 20.40 0.15
084 J0113-2803 3.1060 21.20 0.10
042 J0124+0044 2.2610 20.70 0.15
069 J0132+1341 3.9360 20.40 0.15
073 J0133+0400 3.6920 20.70 0.10
073 J0133+0400 3.7725 20.70 0.10
083 J0234-1806 3.6930 20.40 0.15
055 J0255+0048 3.9145 21.50 0.10
055 J0255+0048 3.2555 20.90 0.10
099 J0307-4945 4.4665 20.60 0.10
099 J0307-4945 3.5910 20.50 0.15
060 J0415-4357 3.8080 20.50 0.20
085 J0426-2202 2.9825 21.40 0.15
071 J0529-3552 3.6840 20.40 0.15
067 J0747+2739 3.4235 20.90 0.10
067 J0747+2739 3.9010 20.60 0.15
021 J0818+0958 3.3060 21.00 0.10
056 J0835+0650 3.9555 20.40 0.10
019 J0920+0725 2.2380 20.90 0.15
091 J0955-0130 4.0245 20.70 0.15
018 J1020+0922 2.5920 21.50 0.10
003 J1024+1819 2.2980 21.30 0.10
066 J1057+1910 3.3735 20.30 0.10
086 J1058+1245 3.4315 20.60 0.10
025 J1108+1209 3.5460 20.80 0.15
025 J1108+1209 3.3965 20.70 0.10
035 J1312+0841 2.6600 20.50 0.10
026 J1421-0643 3.4490 20.30 0.15
006 J1517+0511 2.6885 21.40 0.10
034 J1552+1005 3.6665 20.70 0.10
034 J1552+1005 3.6010 21.10 0.10
087 J1633+1411 2.8820 20.30 0.15
096 J1723+2243 3.6980 20.50 0.10
098 J2239-0552 4.0805 20.60 0.10
080 J2344+0342 3.2200 21.30 0.10
082 J0034+1639 4.2835 21.00 0.10
082 J0034+1639 4.2523 20.60 0.10
046 J0800+1920 3.9465 20.40 0.10
